milestone: 10G real-sample GAP export
model_path: /Users/AKM/muse_eeg_live_pipeline/models/stroke_eeg_cnn_model.keras
x_test_path: /Users/AKM/muse_eeg_live_pipeline/data/X_test_eeg.npy
y_test_path: /Users/AKM/muse_eeg_live_pipeline/data/y_test_eeg.npy
normal_index: 0
normal_true_label: 0
normal_pred_label: 0
normal_logits: [-0.14333948493003845, -0.07858230918645859, 0.29588812589645386, 0.5449485182762146, -1.6522823572158813, -1.5574054718017578, -1.8326644897460938, -0.8336882591247559, -1.889017939567566, 0.12471456825733185, -0.14342819154262543, -1.712978720664978, -2.0123343467712402, -1.8733714818954468, -2.144620418548584, 1.2896606922149658, -0.061691462993621826, -2.1678895950317383, -0.9136489629745483, -2.0339744091033936, 0.6236892342567444, -0.07208240777254105, 0.49431324005126953, 0.2359071671962738, -2.406043291091919, -0.08443351089954376, -1.422218918800354, -1.3387986421585083, -1.6190704107284546, -1.719525933265686, 0.020376738160848618, -0.11425404995679855]
normal_probs: [0.9999992847442627, 7.716089385212399e-07]
normal_gap_count: 64
abnormal_index: 2
abnormal_true_label: 1
abnormal_pred_label: 1
abnormal_logits: [0.1967783272266388, 0.23811447620391846, 0.016426049172878265, -0.427578866481781, 1.5186471939086914, 1.2541167736053467, 1.5398731231689453, 0.7806054949760437, 1.7493823766708374, -0.13320845365524292, 0.06677086651325226, 1.4653173685073853, 1.9726831912994385, 1.6459683179855347, 2.0624923706054688, -0.6827425360679626, 0.2990388870239258, 1.9885271787643433, 0.7826275825500488, 2.076127529144287, -0.12910978496074677, -0.007746762130409479, -0.2200496345758438, -0.522985577583313, 1.936321496963501, -0.051540669053792953, 1.2794108390808105, 0.8057743310928345, 1.8220970630645752, 1.632203459739685, 0.13519857823848724, -0.047824352979660034]
abnormal_probs: [6.719410066580167e-06, 0.9999933242797852]
abnormal_gap_count: 64
roundtrip_check_gap_i32: PASS
roundtrip_check_raw_i8: PASS
