input_scale=25.3801693223
weight_scale=307.4394630914318
